Request Id,request_execution_plus_preemption_time_normalized,cdf
0_1,0.1044944124353708,0.2
0_0,0.10464926298782344,0.4
0_3,0.1048642195924795,0.6
0_4,0.10520429839631212,0.8
0_2,0.10721622197924667,1.0
